#CHROM	POS	SVType	SVLen	AF	Cov
DQ657948.1	1347	INS	6383	0.467	5775,5787,5825,5857,6128
DQ657948.1	2613	INS	3514	0.033	3722,3768,3778,3771,3845
DQ657948.1	11375	INS	31	1.0	4269,4242,4241,4268,4348
DQ657948.1	22620	INS	48	1.0	3053,2919,2898,2891,3022
DQ657948.1	32540	INS	27	0.562	2134,2132,2138,2137,2175
DQ657948.1	32540	INS	42	0.11	2134,2132,2138,2137,2175
DQ657948.1	32540	INS	67	0.007	2134,2132,2138,2137,2175
DQ657948.1	37879	INS	46	0.125	2102,2009,2016,2017,2095
DQ657948.1	37879	INS	74	0.563	2102,2009,2016,2017,2095
DQ657948.1	37879	INS	80	0.301	2102,2009,2016,2017,2095
DQ657948.1	83046	INS	40	0.146	2161,2167,2160,2141,2126
DQ657948.1	177574	DEL	-48	0.904	1555,1532,1514,1508,1520
DQ657948.1	216443	INS	90	1.0	2370,2377,2385,2387,2437
DQ657948.1	228198	INS	74	1.0	2479,2442,2454,2473,2490

